mult_mat_vec_omp:
0.298170
0.000125
0.000748
0.024027
0.000102
0.000557
0.021906
0.056321
0.000137
0.000784
0.004754
0.032157
0.003529
0.008496
0.020677
0.150200
mult_mat_vec_mkl:
0.000249
0.021669
0.000106
0.007751
0.000123
0.000136
0.021149
0.003446
0.000144
0.000178
0.000399
0.002342
0.000188
0.000246
0.001689
0.025369
mat_x_mat_omp:
0.000137
0.000248
0.029922
5.262428
0.001133
0.002181
0.294546
4.163385
0.005917
0.038608
3.263473
4.336446
0.088140
0.481386
7.793591
0.001046
mat_x_mat_mkl:
0.000280
0.010606
0.040556
0.053942
0.000152
0.007842
0.001914
0.155860
0.001131
0.002844
0.067236
1.272221
0.001199
0.005314
0.210440
8.881728
hard_omp:
0.000773
0.000508
0.000893
0.000851
0.003576
0.072237
0.645084
5.270259
hard_mkl:
0.000515
0.001111
0.007566
0.023986
0.015812
0.197741
1.405094
13.612913
simple_omp:
0.010911
0.026502
0.024916
0.025521
0.014873
0.030481
0.149614
0.915020
simple_mkl:
0.000208
0.000201
0.000356
0.003928
0.030589
0.076497
0.310926
1.650230

